0.000000000000000000e+00 0.000000000000000000e+00
6.012024048096192320e-03 6.856477857878411075e-02
1.202404809619238464e-02 9.982119222410880399e-02
1.803607214428857783e-02 7.676159195113847755e-02
2.404809619238476928e-02 1.193346934427510359e-02
3.006012024048096073e-02 -5.938804882875187152e-02
3.607214428857715566e-02 -9.839456439671286081e-02
4.208416833667334711e-02 -8.386134145646506610e-02
4.809619238476953856e-02 -2.369638753538728590e-02
5.410821643286573002e-02 4.936255499179481587e-02
6.012024048096192147e-02 9.556169786884433082e-02
6.613226452905811292e-02 8.976255865919255394e-02
7.214428857715431131e-02 3.512064090880375605e-02
7.815631262525049583e-02 -3.863157975340789085e-02
8.416833667334669422e-02 -9.136307949634925318e-02
9.018036072144287874e-02 -9.438090434748286350e-02
9.619238476953907713e-02 -4.604295594107135625e-02
1.022044088176352755e-01 2.734848842158934742e-02
1.082164328657314600e-01 8.585871523260651950e-02
1.142284569138276584e-01 9.765037389517744471e-02
1.202404809619238429e-01 5.630723272777657384e-02
1.262525050100200275e-01 -1.567453705544168130e-02
1.322645290581162258e-01 -7.912727253345180900e-02
1.382765531062124242e-01 -9.952424058890389780e-02
1.442885771543086226e-01 -6.576677593733945559e-02
1.503006012024048210e-01 3.776567820477290047e-03
1.563126252505009917e-01 7.126495605502276842e-02
1.623246492985971901e-01 9.997572343846811149e-02
1.683366733466933884e-01 7.428639135622186473e-02
1.743486973947895868e-01 8.175375491782209056e-03
1.803607214428857575e-01 -6.238413271286068901e-02
1.863727454909819559e-01 -9.899836992629917898e-02
1.923847695390781543e-01 -8.174431806207324569e-02
1.983967935871743526e-01 -2.001047770130435360e-02
2.044088176352705510e-01 5.261172575270034457e-02
2.104208416833667217e-01 9.660614822575380733e-02
2.164328657314629201e-01 8.803396861052276146e-02
2.224448897795591185e-01 3.155959350160749549e-02
2.284569138276553169e-01 -4.208740078461196965e-02
2.344689378757514875e-01 -9.283324757031308216e-02
2.404809619238476859e-01 -9.306545236515266495e-02
2.464929859719438843e-01 -4.265766485626210081e-02
2.525050100200400549e-01 3.096156970540285547e-02
2.585170340681362533e-01 8.773358962676024164e-02
2.645290581162324517e-01 9.676686019947856876e-02
2.705410821643286501e-01 5.314607998081431056e-02
2.765531062124248485e-01 -1.939324103688070192e-02
2.825651302605210469e-01 -8.138005785571575390e-02
2.885771543086172453e-01 -9.908529221018991251e-02
2.945891783567134437e-01 -6.287494019594934425e-02
3.006012024048096420e-01 7.547747402581940490e-03
3.066132264529057849e-01 7.386345587337343754e-02
3.126252505010019833e-01 9.998761375374373706e-02
3.186372745490981817e-01 7.170520225441333328e-02
3.246492985971943801e-01 4.405617378503413201e-03
3.306613226452905785e-01 -6.529120970136889635e-02
3.366733466933867769e-01 -9.946092900116196289e-02
3.426853707414829753e-01 -7.951066552390234632e-02
3.486973947895791737e-01 -1.629601781094562260e-02
3.547094188376753721e-01 5.578583245199565666e-02
3.607214428857715149e-01 9.751276524306851101e-02
3.667334669338677133e-01 8.617977562545425796e-02
3.727454909819639117e-01 2.795351827528717165e-02
3.787575150300601101e-01 -4.548317339124206826e-02
3.847695390781563085e-01 -9.417096531090748956e-02
3.907815631262525069e-01 -9.161721875001778426e-02
3.967935871743487053e-01 -3.921151171955947895e-02
4.028056112224449037e-01 3.453047640374824062e-02
4.088176352705411021e-01 8.948328965184022821e-02
4.148296593186372450e-01 9.574528386751519904e-02
4.208416833667334433e-01 4.990910077948355200e-02
4.268537074148296417e-01 -2.308427560776159237e-02
4.328657314629258401e-01 -8.351673374440179987e-02
4.388777555110220385e-01 -9.850497335991816039e-02
4.448897795591182369e-01 -5.989339729675205448e-02
4.509018036072144353e-01 1.130815819563893085e-02
4.569138276553106337e-01 7.635657061029910153e-02
4.629258517034068321e-01 9.985684620536466882e-02
4.689378757515029750e-01 6.902170737109233900e-02
4.749498997995991734e-01 6.295735270235664144e-04
4.809619238476953718e-01 -6.810513210660644468e-02
4.869739478957915702e-01 -9.978158166266276607e-02
4.929859719438877685e-01 -7.716357071767854237e-02
4.989979959919839669e-01 -1.255830748986210867e-02
5.050100200400801098e-01 5.888034641593989371e-02
5.110220440881763082e-01 9.828025540010118521e-02
5.170340681362725066e-01 8.420262518376275818e-02
5.230460921843687050e-01 2.430756021699321742e-02
5.290581162324649034e-01 -4.881405263653895710e-02
5.350701402805611018e-01 -9.537432412217813904e-02
5.410821643286573002e-01 -9.003826977714848856e-02
5.470941883767534986e-01 -3.570941334841715858e-02
5.531062124248496970e-01 3.805011655987067254e-02
5.591182364729458953e-01 9.110531891395889925e-02
5.651302605210420937e-01 9.458710243879263346e-02
5.711422845691382921e-01 4.660091350120248999e-02
5.771543086172344905e-01 -2.674237456473473398e-02
5.831663326653306889e-01 -8.553425168573669524e-02
5.891783567134268873e-01 -9.778411201111755768e-02
5.951903807615230857e-01 -5.682640117205289138e-02
6.012024048096192841e-01 1.505243501340212259e-02
6.072144288577153715e-01 7.874074320098775615e-02
6.132264529058115698e-01 9.958360736663125767e-02
6.192384769539077682e-01 6.623973539696380308e-02
6.252505010020039666e-01 -3.147368571858493065e-03
6.312625250501001650e-01 -7.082188514970504112e-02
6.372745490981963634e-01 -9.995987041789868022e-02
6.432865731462925618e-01 -7.470638237349246091e-02
6.492985971943887602e-01 -8.802679536279585729e-03
6.553106212424849586e-01 6.189085253015555455e-02
6.613226452905811570e-01 9.890752367615857077e-02
6.673346693386773554e-01 8.210533819543325285e-02
6.733466933867735538e-01 2.062692121692026592e-02
6.793587174348697522e-01 -5.207528617069200755e-02
6.853707414829659506e-01 -9.644160710549409821e-02
6.913827655310621489e-01 -8.833085822045051716e-02
6.973947895791583473e-01 -3.215636638044969825e-02
7.034068136272545457e-01 4.151546850831957375e-02
7.094188376753507441e-01 9.259736317417753548e-02
7.154308617234468315e-01 9.329396835486979123e-02
7.214428857715430299e-01 4.322623811989936837e-02
7.274549098196392283e-01 -3.036231869551050608e-02
7.334669338677354267e-01 -8.742973317518756837e-02
7.394789579158316251e-01 -9.692373665658021720e-02
7.454909819639278235e-01 -5.367832767500916452e-02
7.515030060120240218e-01 1.877523568885720862e-02
7.575150300601202202e-01 8.101257201442407796e-02
7.635270541082164186e-01 9.916828708252041491e-02
7.695390781563126170e-01 6.336325552544494477e-02
7.755511022044088154e-01 -6.919820145767118132e-03
7.815631262525050138e-01 -7.343759268870411749e-02
7.875751503006012122e-01 -9.999554089243305188e-02
7.935871743486974106e-01 -7.214260629797880631e-02
7.995991983967936090e-01 -5.034492312502682372e-03
8.056112224448898074e-01 6.481305553891557325e-02
8.116232464929860058e-01 9.939367511286645307e-02
8.176352705410822042e-01 7.989090697591462453e-02
8.236472945891784025e-01 1.691685264648106618e-02
8.296593186372744899e-01 -5.526222101128271114e-02
8.356713426853706883e-01 -9.737129150914015929e-02
8.416833667334668867e-01 -8.649742013851297040e-02
8.476953907815630851e-01 -2.855744014445579446e-02
8.537074148296592835e-01 4.492158803963522407e-02
8.597194388777554819e-01 9.395729365035160319e-02
8.657314629258516803e-01 9.186772660172895510e-02
8.717434869739478787e-01 3.978988947175085555e-02
8.777555110220440771e-01 -3.393894322540949582e-02
8.837675350701402754e-01 -8.920047382438542338e-02
8.897795591182364738e-01 -9.592507484145205987e-02
8.957915831663326722e-01 -5.045366833634536141e-02
9.018036072144288706e-01 2.247124869619868126e-02
9.078156312625250690e-01 8.316881570667594703e-02
9.138276553106212674e-01 9.861147791347286973e-02
9.198396793587174658e-01 6.039637178960719638e-02
9.258517034068136642e-01 -1.068239882920651862e-02
9.318637274549098626e-01 -7.594852274885749432e-02
9.378757515030059499e-01 -9.988854219322508554e-02
9.438877755511021483e-01 -6.947590037239290139e-02
9.498997995991983467e-01 -1.259122099845627315e-03
9.559118236472945451e-01 6.764278617341734634e-02
9.619238476953907435e-01 9.973801609105752142e-02
9.679358717434869419e-01 7.756249097681691684e-02
9.739478957915831403e-01 1.318264786589115091e-02
9.799599198396793387e-01 -5.837031018195176085e-02
9.859719438877755371e-01 -9.816205090091223440e-02
9.919839679358717355e-01 -8.454057139894077810e-02
9.979959919839679339e-01 -2.491776942772699205e-02
1.004008016032064132e+00 4.826361545452639151e-02
1.010020040080160220e+00 9.518317005438936551e-02
1.016032064128256529e+00 9.031041207743487065e-02
1.022044088176352616e+00 3.629677038560904373e-02
1.028056112224448926e+00 -3.746714518621482165e-02
1.034068136272545013e+00 -9.084394721961819297e-02
1.040080160320641323e+00 -9.478955141182920929e-02
1.046092184368737410e+00 -4.715702395605543551e-02
1.052104208416833719e+00 2.613520072906098252e-02
1.058116232464929807e+00 8.520639784549996487e-02
1.064128256513026116e+00 9.791397428995451957e-02
1.070140280561122204e+00 5.734331720671730775e-02
1.076152304609218513e+00 -1.442973634288028176e-02
1.082164328657314600e+00 -7.835109284724744994e-02
1.088176352705410910e+00 -9.963902698124199597e-02
1.094188376753506997e+00 -6.671006933369821867e-02
1.100200400801603084e+00 2.518044572012311747e-03
1.106212424849699394e+00 7.037600710031755025e-02
1.112224448897795481e+00 9.994005532039657025e-02
1.118236472945891791e+00 7.512341227813719435e-02
1.124248496993987878e+00 9.429634671826241446e-03
1.130260521042084187e+00 -6.139511919982180294e-02
1.136272545090180275e+00 -9.881275706061097563e-02
1.142284569138276584e+00 -8.246310394615691264e-02
1.148296593186372672e+00 -2.124254714995554849e-02
1.154308617234468981e+00 5.153678249747359330e-02
1.160320641282565068e+00 9.627324336056258813e-02
1.166332665330661378e+00 8.862424668882679102e-02
1.172344689378757465e+00 3.275186468783828492e-02
1.178356713426853775e+00 -4.094189069688016630e-02
1.184368737474949862e+00 -9.235780852641722882e-02
1.190380761523046171e+00 -9.351878648184898390e-02
1.196392785571142259e+00 -4.379309803916735938e-02
1.202404809619238568e+00 2.976186422425259465e-02
1.208416833667334656e+00 8.712241129966530329e-02
1.214428857715430743e+00 9.707677137899703435e-02
1.220440881763527052e+00 5.420844773875611866e-02
1.226452905811623140e+00 -1.815648615291121440e-02
1.232464929859719449e+00 -8.064187510411585658e-02
1.238476953907815536e+00 -9.924735125365023725e-02
1.244488977955911846e+00 -6.384905934615045520e-02
1.250501002004007933e+00 6.291618610288341254e-03
1.256513026052104243e+00 7.300881868201518354e-02
1.262525050100200330e+00 9.999950454033061653e-02
1.268537074148296639e+00 7.257715084847987663e-02
1.274549098196392727e+00 5.663167695969528737e-03
1.280561122244489036e+00 -6.433233240242082485e-02
1.286573146292585124e+00 -9.932248158973726315e-02
1.292585170340681433e+00 -8.026798181798464049e-02
1.298597194388777520e+00 -1.753701695422355336e-02
1.304609218436873830e+00 5.473641915985708734e-02
1.310621242484969917e+00 9.722595830094075964e-02
1.316633266533066227e+00 8.681163618140987082e-02
1.322645290581162314e+00 2.916023009164031218e-02
1.328657314629258401e+00 -4.435822214562280125e-02
1.334669338677354711e+00 -9.373989783504989293e-02
1.340681362725450798e+00 -9.211459312218620021e-02
1.346693386773547108e+00 -4.036669008501194561e-02
1.352705410821643195e+00 3.334606482019341483e-02
1.358717434869739504e+00 8.891412238670740043e-02
1.364729458917835592e+00 9.610106366433937564e-02
1.370741482965931901e+00 5.099623607753831639e-02
1.376753507014027988e+00 -2.185733109904420060e-02
1.382765531062124298e+00 -8.281760113360191189e-02
1.388777555110220385e+00 -9.871407383589150819e-02
1.394789579158316695e+00 -6.089695237108083692e-02
1.400801603206412782e+00 1.005621604799894660e-02
1.406813627254509091e+00 7.553746454047659264e-02
1.412825651302605179e+00 9.991627893136650895e-02
1.418837675350701488e+00 6.992733957998255312e-02
1.424849699398797576e+00 1.888620765256620584e-03
1.430861723446893663e+00 -6.717775910507121917e-02
1.436873747494989972e+00 -9.969049723608749969e-02
1.442885771543086060e+00 -7.795833691667948540e-02
1.448897795591182369e+00 -1.380646572558635703e-02
1.454909819639278457e+00 5.785796034292772783e-02
1.460921843687374766e+00 9.803995558437909874e-02
1.466933867735470853e+00 8.487516670693628917e-02
1.472945891783567163e+00 2.552699098091915780e-02
1.478957915831663250e+00 -4.771126526325387973e-02
1.484969939879759560e+00 -9.498824324218989312e-02
1.490981963927855647e+00 -9.057897477323617608e-02
1.496993987975951956e+00 -3.688268873949126364e-02
1.503006012024048044e+00 3.688268873948990362e-02
1.509018036072144353e+00 9.057897477323555158e-02
1.515030060120240440e+00 9.498824324219035109e-02
1.521042084168336750e+00 4.771126526325766837e-02
1.527054108216432837e+00 -2.552699098092048313e-02
1.533066132264529147e+00 -8.487516670693551202e-02
1.539078156312625234e+00 -9.803995558437939017e-02
1.545090180360721321e+00 -5.785796034293123891e-02
1.551102204408817631e+00 1.380646572558489986e-02
1.557114228456913718e+00 7.795833691667679310e-02
1.563126252505010028e+00 9.969049723608761071e-02
1.569138276553106115e+00 6.717775910507441106e-02
1.575150300601202424e+00 -1.888620765252309363e-03
1.581162324649298512e+00 -6.992733957998353844e-02
1.587174348697394821e+00 -9.991627893136643956e-02
1.593186372745490909e+00 -7.553746454047755021e-02
1.599198396793587218e+00 -1.005621604800040897e-02
1.605210420841683305e+00 6.089695237107967118e-02
1.611222444889779615e+00 9.871407383589127227e-02
1.617234468937875702e+00 8.281760113360273068e-02
1.623246492985972012e+00 2.185733109904286486e-02
1.629258517034068099e+00 -5.099623607753461102e-02
1.635270541082164408e+00 -9.610106366433897318e-02
1.641282565130260496e+00 -8.891412238670806656e-02
1.647294589178356805e+00 -3.334606482019480261e-02
1.653306613226452892e+00 4.036669008501059946e-02
1.659318637274548980e+00 9.211459312218452100e-02
1.665330661322645289e+00 9.373989783505040640e-02
1.671342685370741377e+00 4.435822214562921278e-02
1.677354709418837686e+00 -2.916023009164162016e-02
1.683366733466933773e+00 -8.681163618140773364e-02
1.689378757515030083e+00 -9.722595830094110658e-02
1.695390781563126170e+00 -5.473641915985832246e-02
1.701402805611222480e+00 1.753701695422210660e-02
1.707414829659318567e+00 8.026798181798376619e-02
1.713426853707414876e+00 9.932248158973742969e-02
1.719438877755510964e+00 6.433233240242194895e-02
1.725450901803607273e+00 -5.663167695965223153e-03
1.731462925851703361e+00 -7.257715084848082032e-02
1.737474949899799670e+00 -9.999950454033061653e-02
1.743486973947895757e+00 -7.300881868201423985e-02
1.749498997995992067e+00 -6.291618610286971690e-03
1.755511022044088154e+00 6.384905934615152379e-02
1.761523046092184241e+00 9.924735125364969601e-02
1.767535070140280551e+00 8.064187510411673088e-02
1.773547094188376638e+00 1.815648615291545406e-02
1.779559118236472948e+00 -5.420844773875488354e-02
1.785571142284569035e+00 -9.707677137899668740e-02
1.791583166332665344e+00 -8.712241129966463715e-02
1.797595190380761432e+00 -2.976186422425128320e-02
1.803607214428857741e+00 4.379309803916858757e-02
1.809619238476953829e+00 9.351878648184946963e-02
1.815631262525050138e+00 9.235780852641778393e-02
1.821643286573146225e+00 4.094189069688150551e-02
1.827655310621242535e+00 -3.275186468783958249e-02
1.833667334669338622e+00 -8.862424668882609713e-02
1.839679358717434932e+00 -9.627324336056297671e-02
1.845691382765531019e+00 -5.153678249747241369e-02
1.851703406813627328e+00 2.124254714995411214e-02
1.857715430861723416e+00 8.246310394615768979e-02
1.863727454909819725e+00 9.881275706061164177e-02
1.869739478957915813e+00 6.139511919982296173e-02
1.875751503006011900e+00 -9.429634671821949740e-03
1.881763527054108209e+00 -7.512341227813434941e-02
1.887775551102204297e+00 -9.994005532039672290e-02
1.893787575150300606e+00 -7.037600710031859108e-02
1.899799599198396693e+00 -2.518044572013781058e-03
1.905811623246493003e+00 6.671006933369712233e-02
1.911823647294589090e+00 9.963902698124210700e-02
1.917835671342685400e+00 7.835109284725014223e-02
1.923847695390781487e+00 1.442973634288173372e-02
1.929859719438877796e+00 -5.734331720671377586e-02
1.935871743486973884e+00 -9.791397428995363139e-02
1.941883767535070193e+00 -8.520639784550221307e-02
1.947895791583166281e+00 -2.613520072906240499e-02
1.953907815631262590e+00 4.715702395605414488e-02
1.959919839679358677e+00 9.478955141182873745e-02
1.965931863727454987e+00 9.084394721961998320e-02
1.971943887775551074e+00 3.746714518621881845e-02
1.977955911823647384e+00 -3.629677038560502611e-02
1.983967935871743471e+00 -9.031041207743301102e-02
1.989979959919839558e+00 -9.518317005439111411e-02
1.995991983967935868e+00 -4.826361545453016627e-02
2.002004008016032177e+00 2.491776942772556958e-02
2.008016032064128265e+00 8.454057139893922379e-02
2.014028056112224352e+00 9.816205090091305319e-02
2.020040080160320439e+00 5.837031018195409926e-02
2.026052104208416971e+00 -1.318264786588969374e-02
2.032064128256513058e+00 -7.756249097681419680e-02
2.038076152304609145e+00 -9.973801609105763244e-02
2.044088176352705233e+00 -6.764278617342156519e-02
2.050100200400801764e+00 1.259122099846999914e-03
2.056112224448897852e+00 6.947590037238980665e-02
2.062124248496993939e+00 9.988854219322496064e-02
2.068136272545090026e+00 7.594852274886215726e-02
2.074148296593186558e+00 1.068239882920656719e-02
2.080160320641282645e+00 -6.039637178960829966e-02
2.086172344689378733e+00 -9.861147791347263381e-02
2.092184368737474820e+00 -8.316881570667676582e-02
2.098196392785570907e+00 -2.247124869620427054e-02
2.104208416833667439e+00 5.045366833634654796e-02
2.110220440881763526e+00 9.592507484145083863e-02
2.116232464929859614e+00 8.920047382438672789e-02
2.122244488977955701e+00 3.393894322541623348e-02
2.128256513026052232e+00 -3.978988947175080698e-02
2.134268537074148320e+00 -9.186772660172949634e-02
2.140280561122244407e+00 -9.395729365035307423e-02
2.146292585170340494e+00 -4.492158803963780533e-02
2.152304609218437026e+00 2.855744014445438239e-02
2.158316633266533113e+00 8.649742013851223488e-02
2.164328657314629201e+00 9.737129150914146380e-02
2.170340681362725288e+00 5.526222101128630548e-02
2.176352705410821819e+00 -1.691685264648521911e-02
2.182364729458917907e+00 -7.989090697591459678e-02
2.188376753507013994e+00 -9.939367511286631429e-02
2.194388777555110082e+00 -6.481305553891886229e-02
2.200400801603206169e+00 5.034492312499795792e-03
2.206412825651302700e+00 7.214260629797779323e-02
2.212424849699398788e+00 9.999554089243303800e-02
2.218436873747494875e+00 7.343759268870801715e-02
2.224448897795590963e+00 6.919820145771420246e-03
2.230460921843687494e+00 -6.336325552544709583e-02
2.236472945891783581e+00 -9.916828708252023450e-02
2.242484969939879669e+00 -8.101257201442495226e-02
2.248496993987975756e+00 -1.877523568886283606e-02
2.254509018036072288e+00 5.367832767501032332e-02
2.260521042084168375e+00 9.692373665657916249e-02
2.266533066132264462e+00 8.742973317518897003e-02
2.272545090180360550e+00 3.036231869551732354e-02
2.278557114228457081e+00 -4.322623811989932674e-02
2.284569138276553169e+00 -9.329396835487029083e-02
2.290581162324649256e+00 -9.259736317417809059e-02
2.296593186372745343e+00 -4.151546850832091295e-02
2.302605210420841875e+00 3.215636638044965662e-02
2.308617234468937962e+00 8.833085822045116942e-02
2.314629258517034049e+00 9.644160710549522231e-02
2.320641282565130137e+00 5.207528617069447086e-02
2.326653306613226224e+00 -2.062692121691326805e-02
2.332665330661322756e+00 -8.210533819543321121e-02
2.338677354709418843e+00 -9.890752367615837648e-02
2.344689378757514930e+00 -6.189085253015894073e-02
2.350701402805611018e+00 8.802679536276706088e-03
2.356713426853707549e+00 7.470638237349148947e-02
2.362725450901803637e+00 9.995987041789872185e-02
2.368737474949899724e+00 7.082188514970809423e-02
2.374749498997995811e+00 3.147368571861382247e-03
2.380761523046092343e+00 -6.623973539696591251e-02
2.386773547094188430e+00 -9.958360736663113277e-02
2.392785571142284518e+00 -7.874074320098778390e-02
2.398797595190380605e+00 -1.505243501340497794e-02
2.404809619238477136e+00 5.682640117205635388e-02
2.410821643286573224e+00 9.778411201111725237e-02
2.416833667334669311e+00 8.553425168573673687e-02
2.422845691382765398e+00 2.674237456473888691e-02
2.428857715430861486e+00 -4.660091350119992953e-02
2.434869739478958017e+00 -9.458710243879353552e-02
2.440881763527054105e+00 -9.110531891395950987e-02
2.446893787575150192e+00 -3.805011655987071417e-02
2.452905811623246279e+00 3.570941334841313403e-02
2.458917835671342811e+00 9.003826977714907143e-02
2.464929859719438898e+00 9.537432412217901334e-02
2.470941883767534986e+00 4.881405263654024079e-02
2.476953907815631073e+00 -2.430756021698765590e-02
2.482965931863727604e+00 -8.420262518376273042e-02
2.488977955911823692e+00 -9.828025540010093541e-02
2.494989979959919779e+00 -5.888034641594165619e-02
2.501002004008015867e+00 1.255830748986065150e-02
2.507014028056112398e+00 7.716357071767850073e-02
2.513026052104208485e+00 9.978158166266265505e-02
2.519038076152304573e+00 6.810513210660856798e-02
2.525050100200400660e+00 -6.295735270220968868e-04
2.531062124248496747e+00 -6.902170737108767606e-02
2.537074148296593279e+00 -9.985684620536471046e-02
2.543086172344689366e+00 -7.635657061029728354e-02
2.549098196392785454e+00 -1.130815819564674578e-02
2.555110220440881541e+00 5.989339729674632296e-02
2.561122244488978072e+00 9.850497335991814651e-02
2.567134268537074160e+00 8.351673374440417297e-02
2.573146292585170247e+00 2.308427560776509999e-02
2.579158316633266335e+00 -4.990910077947612045e-02
2.585170340681362866e+00 -9.574528386751478271e-02
2.591182364729458953e+00 -8.948328965184247641e-02
2.597194388777555041e+00 -3.453047640375228600e-02
2.603206412825651128e+00 3.921151171955682135e-02
2.609218436873747660e+00 9.161721875001690996e-02
2.615230460921843747e+00 9.417096531090773937e-02
2.621242484969939834e+00 4.548317339124716835e-02
2.627254509018035922e+00 -2.795351827528302913e-02
2.633266533066132453e+00 -8.617977562545242609e-02
2.639278557114228541e+00 -9.751276524306899673e-02
2.645290581162324628e+00 -5.578583245199569829e-02
2.651302605210420715e+00 1.629601781094066823e-02
2.657314629258516803e+00 7.951066552389629560e-02
2.663326653306613334e+00 9.946092900116226820e-02
2.669338677354709422e+00 6.529120970137000657e-02
2.675350701402805509e+00 -4.405617378496976509e-03
2.681362725450901596e+00 -7.170520225440933648e-02
2.687374749498998128e+00 -9.998761375374376481e-02
2.693386773547094215e+00 -7.386345587337538043e-02
2.699398797595190302e+00 -7.547747402588365906e-03
2.705410821643286390e+00 6.287494019594488948e-02
2.711422845691382921e+00 9.908529221019009292e-02
2.717434869739479009e+00 8.138005785571783557e-02
2.723446893787575096e+00 1.939324103688283910e-02
2.729458917835671183e+00 -5.314607998080825291e-02
2.735470941883767715e+00 -9.676686019947855488e-02
2.741482965931863802e+00 -8.773358962676264250e-02
2.747494989979959890e+00 -3.096156970540593981e-02
2.753507014028055977e+00 4.265766485626013016e-02
2.759519038076152064e+00 9.306545236515030572e-02
2.765531062124248596e+00 9.283324757031297114e-02
2.771543086172344683e+00 4.208740078461523787e-02
2.777555110220440771e+00 -3.155959350160474769e-02
2.783567134268536858e+00 -8.803396861051937528e-02
2.789579158316633389e+00 -9.660614822575400162e-02
2.795591182364729477e+00 -5.261172575269948415e-02
2.801603206412825564e+00 2.001047770130082518e-02
2.807615230460921651e+00 8.174431806206851336e-02
2.813627254509018183e+00 9.899836992629940102e-02
2.819639278557114270e+00 6.238413271286100820e-02
2.825651302605210358e+00 -8.175375491777558262e-03
2.831663326653306445e+00 -7.428639135621945000e-02
2.837675350701402976e+00 -9.997572343846804210e-02
2.843687374749499064e+00 -7.126495605502354558e-02
2.849699398797595151e+00 -3.776567820482663353e-03
2.855711422845691239e+00 6.576677593733619431e-02
2.861723446893787326e+00 9.952424058890357861e-02
2.867735470941883857e+00 7.912727253345314127e-02
2.873747494989979945e+00 1.567453705544260764e-02
2.879759519038076032e+00 -5.630723272777213295e-02
2.885771543086172120e+00 -9.765037389517658428e-02
2.891783567134268651e+00 -8.585871523260801830e-02
2.897795591182364738e+00 -2.734848842159093296e-02
2.903807615230460826e+00 4.604295594107084277e-02
2.909819639278556913e+00 9.438090434748115654e-02
2.915831663326653445e+00 9.136307949634855929e-02
2.921843687374749532e+00 3.863157975341038886e-02
2.927855711422845619e+00 -3.512064090880238215e-02
2.933867735470941707e+00 -8.976255865918986165e-02
2.939879759519038238e+00 -9.556169786884409489e-02
2.945891783567134325e+00 -4.936255499179301176e-02
2.951903807615230413e+00 2.369638753538490933e-02
2.957915831663326500e+00 8.386134145646124971e-02
2.963927855711423032e+00 9.839456439671287469e-02
2.969939879759519119e+00 5.938804882875098334e-02
2.975951903807615206e+00 -1.193346934427174690e-02
2.981963927855711294e+00 -7.676159195113707590e-02
2.987975951903807381e+00 -9.982119222410920645e-02
2.993987975951903913e+00 -6.856477857878398585e-02
3.000000000000000000e+00 -4.311747102017225046e-15
